 -----------------------------------------------------
                 GENERAL DATA                         
 -----------------------------------------------------
 N. active transitions
           2
 N. levels
           3
 N. grid points
          40
 N. characteristics
           3
 N. frequencies
          24
 Output spectrum present
           1
 Background opacity included
           0
 Radiative rates included
           0
 Atomic/molecular model used
 Atoms/CObernes_simple.molecule                              
 Transitions (upper, lower, frec)
    2    1 0.11527E+12
    3    2 0.23054E+12
 -----------------------------------------------------
                    RADIAL GRID                       
 -----------------------------------------------------
 5.00009E+17
 6.34718E+17
 7.63378E+17
 8.86260E+17
 1.00363E+18
 1.11572E+18
 1.22278E+18
 1.32504E+18
 1.42270E+18
 1.51598E+18
 1.60506E+18
 1.69015E+18
 1.77142E+18
 1.84904E+18
 1.92317E+18
 1.99398E+18
 2.06160E+18
 2.12619E+18
 2.18788E+18
 2.24680E+18
 2.30307E+18
 2.35682E+18
 2.40815E+18
 2.45718E+18
 2.50400E+18
 2.54873E+18
 2.59144E+18
 2.63224E+18
 2.67120E+18
 2.70842E+18
 2.74396E+18
 2.77791E+18
 2.81034E+18
 2.84130E+18
 2.87088E+18
 2.89913E+18
 2.92611E+18
 2.95188E+18
 2.97649E+18
 3.00000E+18
 -----------------------------------------------------
                 ANGULAR GRID                         
 -----------------------------------------------------
-9.32470E-01 1.71324E-01
-6.61209E-01 3.60762E-01
-2.38619E-01 4.67914E-01
 -----------------------------------------------------
                  ENERGY LEVELS                       
 -----------------------------------------------------
 0.00000E+00
 1.15271E+11
 3.45809E+11
 -----------------------------------------------------
              FINAL POPULATIONS                       
 -----------------------------------------------------
  1  2.32409E-02  5.21846E-02  2.45745E-02
  2  2.02239E-02  4.53178E-02  3.44583E-02
  3  1.95710E-02  4.41746E-02  3.62544E-02
  4  1.92615E-02  4.36382E-02  3.71003E-02
  5  1.90829E-02  4.33329E-02  3.75841E-02
  6  1.89700E-02  4.31412E-02  3.78888E-02
  7  1.88949E-02  4.30140E-02  3.80911E-02
  8  1.88438E-02  4.29274E-02  3.82288E-02
  9  1.88090E-02  4.28682E-02  3.83228E-02
 10  1.87857E-02  4.28287E-02  3.83856E-02
 11  1.87712E-02  4.28042E-02  3.84246E-02
 12  1.87636E-02  4.27915E-02  3.84450E-02
 13  1.87616E-02  4.27886E-02  3.84498E-02
 14  1.87646E-02  4.27941E-02  3.84413E-02
 15  1.87719E-02  4.28073E-02  3.84208E-02
 16  1.87833E-02  4.28275E-02  3.83891E-02
 17  1.87987E-02  4.28545E-02  3.83468E-02
 18  1.88179E-02  4.28882E-02  3.82940E-02
 19  1.88410E-02  4.29286E-02  3.82304E-02
 20  1.88682E-02  4.29759E-02  3.81558E-02
 21  1.88997E-02  4.30307E-02  3.80696E-02
 22  1.89358E-02  4.30933E-02  3.79709E-02
 23  1.89768E-02  4.31645E-02  3.78588E-02
 24  1.90231E-02  4.32451E-02  3.77317E-02
 25  1.90755E-02  4.33362E-02  3.75883E-02
 26  1.91345E-02  4.34392E-02  3.74263E-02
 27  1.92011E-02  4.35556E-02  3.72433E-02
 28  1.92763E-02  4.36875E-02  3.70362E-02
 29  1.93615E-02  4.38374E-02  3.68011E-02
 30  1.94584E-02  4.40086E-02  3.65330E-02
 31  1.95692E-02  4.42053E-02  3.62255E-02
 32  1.96970E-02  4.44329E-02  3.58701E-02
 33  1.98458E-02  4.46990E-02  3.54552E-02
 34  2.00212E-02  4.50142E-02  3.49646E-02
 35  2.02313E-02  4.53944E-02  3.43743E-02
 36  2.04882E-02  4.58649E-02  3.36469E-02
 37  2.08120E-02  4.64704E-02  3.27176E-02
 38  2.12390E-02  4.73025E-02  3.14584E-02
 39  2.18492E-02  4.85937E-02  2.95571E-02
 40  2.29009E-02  5.12614E-02  2.58377E-02
 
 *****************************************************
 
 -----------------------------------------------------
         FINAL DEPARTURE COEFFICIENTS                 
 -----------------------------------------------------
  1  1.26796E+00  1.25142E+00  6.14820E-01
  2  1.10336E+00  1.08675E+00  8.62100E-01
  3  1.06774E+00  1.05933E+00  9.07036E-01
  4  1.05085E+00  1.04647E+00  9.28200E-01
  5  1.04111E+00  1.03915E+00  9.40304E-01
  6  1.03495E+00  1.03455E+00  9.47928E-01
  7  1.03085E+00  1.03150E+00  9.52987E-01
  8  1.02807E+00  1.02942E+00  9.56433E-01
  9  1.02616E+00  1.02800E+00  9.58786E-01
 10  1.02490E+00  1.02706E+00  9.60355E-01
 11  1.02410E+00  1.02647E+00  9.61332E-01
 12  1.02369E+00  1.02616E+00  9.61841E-01
 13  1.02358E+00  1.02609E+00  9.61962E-01
 14  1.02374E+00  1.02623E+00  9.61748E-01
 15  1.02414E+00  1.02654E+00  9.61235E-01
 16  1.02477E+00  1.02703E+00  9.60444E-01
 17  1.02560E+00  1.02768E+00  9.59386E-01
 18  1.02665E+00  1.02848E+00  9.58063E-01
 19  1.02791E+00  1.02945E+00  9.56474E-01
 20  1.02940E+00  1.03059E+00  9.54607E-01
 21  1.03111E+00  1.03190E+00  9.52450E-01
 22  1.03308E+00  1.03340E+00  9.49982E-01
 23  1.03532E+00  1.03511E+00  9.47175E-01
 24  1.03785E+00  1.03704E+00  9.43997E-01
 25  1.04071E+00  1.03923E+00  9.40407E-01
 26  1.04393E+00  1.04170E+00  9.36355E-01
 27  1.04756E+00  1.04449E+00  9.31777E-01
 28  1.05166E+00  1.04765E+00  9.26596E-01
 29  1.05631E+00  1.05125E+00  9.20714E-01
 30  1.06159E+00  1.05535E+00  9.14007E-01
 31  1.06764E+00  1.06007E+00  9.06313E-01
 32  1.07461E+00  1.06553E+00  8.97421E-01
 33  1.08273E+00  1.07191E+00  8.87041E-01
 34  1.09230E+00  1.07947E+00  8.74766E-01
 35  1.10376E+00  1.08858E+00  8.59998E-01
 36  1.11778E+00  1.09987E+00  8.41799E-01
 37  1.13545E+00  1.11439E+00  8.18549E-01
 38  1.15874E+00  1.13434E+00  7.87048E-01
 39  1.19203E+00  1.16530E+00  7.39478E-01
 40  1.24941E+00  1.22928E+00  6.46425E-01
 
 *****************************************************
 
 -----------------------------------------------------
         INITIAL POPULATION (LTE or LVG)              
 -----------------------------------------------------
  1  1.83294E-02  4.17004E-02  3.99702E-02
  2  1.83294E-02  4.17004E-02  3.99702E-02
  3  1.83294E-02  4.17004E-02  3.99702E-02
  4  1.83294E-02  4.17004E-02  3.99702E-02
  5  1.83294E-02  4.17004E-02  3.99702E-02
  6  1.83294E-02  4.17004E-02  3.99702E-02
  7  1.83294E-02  4.17004E-02  3.99702E-02
  8  1.83294E-02  4.17004E-02  3.99702E-02
  9  1.83294E-02  4.17004E-02  3.99702E-02
 10  1.83294E-02  4.17004E-02  3.99702E-02
 11  1.83294E-02  4.17004E-02  3.99702E-02
 12  1.83294E-02  4.17004E-02  3.99702E-02
 13  1.83294E-02  4.17004E-02  3.99702E-02
 14  1.83294E-02  4.17004E-02  3.99702E-02
 15  1.83294E-02  4.17004E-02  3.99702E-02
 16  1.83294E-02  4.17004E-02  3.99702E-02
 17  1.83294E-02  4.17004E-02  3.99702E-02
 18  1.83294E-02  4.17004E-02  3.99702E-02
 19  1.83294E-02  4.17004E-02  3.99702E-02
 20  1.83294E-02  4.17004E-02  3.99702E-02
 21  1.83294E-02  4.17004E-02  3.99702E-02
 22  1.83294E-02  4.17004E-02  3.99702E-02
 23  1.83294E-02  4.17004E-02  3.99702E-02
 24  1.83294E-02  4.17004E-02  3.99702E-02
 25  1.83294E-02  4.17004E-02  3.99702E-02
 26  1.83294E-02  4.17004E-02  3.99702E-02
 27  1.83294E-02  4.17004E-02  3.99702E-02
 28  1.83294E-02  4.17004E-02  3.99702E-02
 29  1.83294E-02  4.17004E-02  3.99702E-02
 30  1.83294E-02  4.17004E-02  3.99702E-02
 31  1.83294E-02  4.17004E-02  3.99702E-02
 32  1.83294E-02  4.17004E-02  3.99702E-02
 33  1.83294E-02  4.17004E-02  3.99702E-02
 34  1.83294E-02  4.17004E-02  3.99702E-02
 35  1.83294E-02  4.17004E-02  3.99702E-02
 36  1.83294E-02  4.17004E-02  3.99702E-02
 37  1.83294E-02  4.17004E-02  3.99702E-02
 38  1.83294E-02  4.17004E-02  3.99702E-02
 39  1.83294E-02  4.17004E-02  3.99702E-02
 40  1.83294E-02  4.17004E-02  3.99702E-02
 
 *****************************************************
 
 -----------------------------------------------------
                     FINAL LSTAR                      
 -----------------------------------------------------
  1  1.65163E-01  3.21638E-01
  2  4.02022E-01  7.27535E-01
  3  3.72382E-01  6.70280E-01
  4  3.53236E-01  6.44362E-01
  5  3.37980E-01  6.24412E-01
  6  3.24624E-01  6.07253E-01
  7  3.12433E-01  5.91660E-01
  8  3.01049E-01  5.77048E-01
  9  2.90275E-01  5.63100E-01
 10  2.79992E-01  5.49637E-01
 11  2.70126E-01  5.36549E-01
 12  2.60631E-01  5.23769E-01
 13  2.51475E-01  5.11258E-01
 14  2.42635E-01  4.98991E-01
 15  2.34098E-01  4.86957E-01
 16  2.25852E-01  4.75150E-01
 17  2.17888E-01  4.63571E-01
 18  2.10200E-01  4.52225E-01
 19  2.02784E-01  4.41120E-01
 20  1.95634E-01  4.30267E-01
 21  1.88746E-01  4.19677E-01
 22  1.82116E-01  4.09365E-01
 23  1.75741E-01  3.99346E-01
 24  1.69618E-01  3.89639E-01
 25  1.63744E-01  3.80262E-01
 26  1.58117E-01  3.71240E-01
 27  1.52735E-01  3.62597E-01
 28  1.47599E-01  3.54363E-01
 29  1.42710E-01  3.46575E-01
 30  1.38072E-01  3.39276E-01
 31  1.33692E-01  3.32523E-01
 32  1.29580E-01  3.26387E-01
 33  1.25754E-01  3.20967E-01
 34  1.22236E-01  3.16402E-01
 35  1.19061E-01  3.12900E-01
 36  1.16273E-01  3.10802E-01
 37  1.13929E-01  3.10737E-01
 38  1.12069E-01  3.14094E-01
 39  1.10484E-01  3.25249E-01
 40  4.15685E-02  1.29672E-01
 
 *****************************************************
 
 -----------------------------------------------------
                     FINAL JBAR                       
 -----------------------------------------------------
  1  3.31023E-14  5.09643E-14
  2  5.16722E-14  1.40557E-13
  3  5.82392E-14  1.67119E-13
  4  6.16506E-14  1.81524E-13
  5  6.37310E-14  1.90401E-13
  6  6.50911E-14  1.96252E-13
  7  6.60129E-14  2.00255E-13
  8  6.66476E-14  2.03038E-13
  9  6.70839E-14  2.04966E-13
 10  6.73764E-14  2.06264E-13
 11  6.75601E-14  2.07078E-13
 12  6.76580E-14  2.07502E-13
 13  6.76851E-14  2.07602E-13
 14  6.76513E-14  2.07421E-13
 15  6.75632E-14  2.06990E-13
 16  6.74246E-14  2.06328E-13
 17  6.72377E-14  2.05447E-13
 18  6.70033E-14  2.04354E-13
 19  6.67211E-14  2.03049E-13
 20  6.63900E-14  2.01532E-13
 21  6.60084E-14  1.99795E-13
 22  6.55736E-14  1.97830E-13
 23  6.50828E-14  1.95624E-13
 24  6.45320E-14  1.93163E-13
 25  6.39167E-14  1.90426E-13
 26  6.32312E-14  1.87392E-13
 27  6.24688E-14  1.84032E-13
 28  6.16210E-14  1.80314E-13
 29  6.06773E-14  1.76197E-13
 30  5.96241E-14  1.71633E-13
 31  5.84444E-14  1.66563E-13
 32  5.71162E-14  1.60910E-13
 33  5.56108E-14  1.54578E-13
 34  5.38905E-14  1.47438E-13
 35  5.19054E-14  1.39308E-13
 36  4.95881E-14  1.29919E-13
 37  4.68462E-14  1.18829E-13
 38  4.35491E-14  1.05211E-13
 39  3.95022E-14  8.72156E-14
 40  3.44790E-14  5.89116E-14
 
 *****************************************************
 
 -----------------------------------------------------
                   FINAL JBAR20                       
 -----------------------------------------------------
  1 -1.12637E-16  1.84263E-15
  2 -1.89878E-15 -1.99778E-15
  3 -1.79567E-15 -1.61150E-15
  4 -1.54452E-15 -1.31730E-15
  5 -1.33149E-15 -1.12590E-15
  6 -1.17075E-15 -9.97863E-16
  7 -1.05303E-15 -9.09926E-16
  8 -9.68037E-16 -8.48710E-16
  9 -9.07820E-16 -8.06219E-16
 10 -8.66678E-16 -7.77474E-16
 11 -8.40599E-16 -7.59270E-16
 12 -8.26766E-16 -7.49486E-16
 13 -8.23194E-16 -7.46700E-16
 14 -8.28487E-16 -7.49953E-16
 15 -8.41656E-16 -7.58606E-16
 16 -8.62007E-16 -7.72246E-16
 17 -8.89049E-16 -7.90629E-16
 18 -9.22430E-16 -8.13640E-16
 19 -9.61893E-16 -8.41265E-16
 20 -1.00723E-15 -8.73572E-16
 21 -1.05824E-15 -9.10700E-16
 22 -1.11472E-15 -9.52847E-16
 23 -1.17639E-15 -1.00027E-15
 24 -1.24286E-15 -1.05325E-15
 25 -1.31360E-15 -1.11214E-15
 26 -1.38784E-15 -1.17729E-15
 27 -1.46449E-15 -1.24907E-15
 28 -1.54206E-15 -1.32781E-15
 29 -1.61847E-15 -1.41378E-15
 30 -1.69087E-15 -1.50706E-15
 31 -1.75544E-15 -1.60740E-15
 32 -1.80701E-15 -1.71386E-15
 33 -1.83862E-15 -1.82421E-15
 34 -1.84098E-15 -1.93359E-15
 35 -1.80151E-15 -2.03154E-15
 36 -1.70317E-15 -2.09512E-15
 37 -1.52235E-15 -2.07124E-15
 38 -1.22562E-15 -1.82731E-15
 39 -7.63324E-16 -9.92413E-16
 40 -6.89308E-17  1.75991E-15
 
 *****************************************************
 
 -----------------------------------------------------
                   SOURCE FUNCTIONS                   
 -----------------------------------------------------
 *****************************************************
     TRANSITION IT=           1
                     2  ->            1
  lambda :    26007576.2878545       angstrom
  freq :    115271202007.395       Hz
     PLANCK FUNCTION AT SURFACE =   7.087545314555489E-014
  Equivalent internal boundary condition temperature =   0.000000000000000E+000
      tau          S/B         B        T_exc      Opacity
   1.476E+01   9.481E-01   7.088E-14   1.909E+01   7.322E-18
   1.383E+01   9.405E-01   7.088E-14   1.896E+01   6.410E-18
   1.303E+01   9.682E-01   7.088E-14   1.944E+01   6.070E-18
   1.229E+01   9.830E-01   7.088E-14   1.970E+01   5.906E-18
   1.161E+01   9.923E-01   7.088E-14   1.986E+01   5.810E-18
   1.096E+01   9.984E-01   7.088E-14   1.997E+01   5.748E-18
   1.034E+01   1.003E+00   7.088E-14   2.005E+01   5.707E-18
   9.763E+00   1.005E+00   7.088E-14   2.010E+01   5.680E-18
   9.209E+00   1.007E+00   7.088E-14   2.013E+01   5.661E-18
   8.682E+00   1.009E+00   7.088E-14   2.015E+01   5.648E-18
   8.179E+00   1.010E+00   7.088E-14   2.017E+01   5.640E-18
   7.699E+00   1.010E+00   7.088E-14   2.018E+01   5.636E-18
   7.241E+00   1.010E+00   7.088E-14   2.018E+01   5.635E-18
   6.804E+00   1.010E+00   7.088E-14   2.018E+01   5.636E-18
   6.386E+00   1.010E+00   7.088E-14   2.017E+01   5.640E-18
   5.986E+00   1.009E+00   7.088E-14   2.016E+01   5.646E-18
   5.604E+00   1.008E+00   7.088E-14   2.015E+01   5.653E-18
   5.239E+00   1.007E+00   7.088E-14   2.013E+01   5.663E-18
   4.889E+00   1.006E+00   7.088E-14   2.011E+01   5.676E-18
   4.554E+00   1.005E+00   7.088E-14   2.008E+01   5.690E-18
   4.233E+00   1.003E+00   7.088E-14   2.006E+01   5.706E-18
   3.926E+00   1.001E+00   7.088E-14   2.002E+01   5.725E-18
   3.632E+00   9.992E-01   7.088E-14   1.999E+01   5.747E-18
   3.349E+00   9.968E-01   7.088E-14   1.994E+01   5.772E-18
   3.079E+00   9.941E-01   7.088E-14   1.990E+01   5.799E-18
   2.819E+00   9.912E-01   7.088E-14   1.985E+01   5.830E-18
   2.569E+00   9.880E-01   7.088E-14   1.979E+01   5.865E-18
   2.329E+00   9.844E-01   7.088E-14   1.973E+01   5.904E-18
   2.098E+00   9.805E-01   7.088E-14   1.966E+01   5.948E-18
   1.875E+00   9.761E-01   7.088E-14   1.958E+01   5.998E-18
   1.661E+00   9.713E-01   7.088E-14   1.950E+01   6.055E-18
   1.455E+00   9.659E-01   7.088E-14   1.940E+01   6.120E-18
   1.255E+00   9.599E-01   7.088E-14   1.930E+01   6.195E-18
   1.062E+00   9.531E-01   7.088E-14   1.918E+01   6.283E-18
   8.744E-01   9.454E-01   7.088E-14   1.905E+01   6.387E-18
   6.922E-01   9.369E-01   7.088E-14   1.890E+01   6.513E-18
   5.144E-01   9.275E-01   7.088E-14   1.873E+01   6.666E-18
   3.402E-01   9.183E-01   7.088E-14   1.857E+01   6.853E-18
   1.688E-01   9.133E-01   7.088E-14   1.848E+01   7.078E-18
   0.000E+00   9.365E-01   7.088E-14   1.889E+01   7.282E-18
 
 *****************************************************
     TRANSITION IT=           2
                     3  ->            2
  lambda :    13004037.5690078       angstrom
  freq :    230537982076.034       Hz
     PLANCK FUNCTION AT SURFACE =   2.445326620615050E-013
  Equivalent internal boundary condition temperature =   0.000000000000000E+000
      tau          S/B         B        T_exc      Opacity
   4.526E+01   2.910E-01   2.445E-13   8.754E+00   3.126E-17
   4.177E+01   6.199E-01   2.445E-13   1.410E+01   2.058E-17
   3.924E+01   7.168E-01   2.445E-13   1.562E+01   1.872E-17
   3.699E+01   7.693E-01   2.445E-13   1.644E+01   1.785E-17
   3.493E+01   8.017E-01   2.445E-13   1.694E+01   1.735E-17
   3.300E+01   8.230E-01   2.445E-13   1.727E+01   1.704E-17
   3.119E+01   8.376E-01   2.445E-13   1.750E+01   1.683E-17
   2.947E+01   8.477E-01   2.445E-13   1.765E+01   1.669E-17
   2.785E+01   8.548E-01   2.445E-13   1.776E+01   1.660E-17
   2.630E+01   8.595E-01   2.445E-13   1.784E+01   1.653E-17
   2.483E+01   8.625E-01   2.445E-13   1.788E+01   1.649E-17
   2.343E+01   8.640E-01   2.445E-13   1.790E+01   1.647E-17
   2.209E+01   8.644E-01   2.445E-13   1.791E+01   1.647E-17
   2.081E+01   8.637E-01   2.445E-13   1.790E+01   1.647E-17
   1.959E+01   8.621E-01   2.445E-13   1.788E+01   1.650E-17
   1.842E+01   8.597E-01   2.445E-13   1.784E+01   1.653E-17
   1.730E+01   8.565E-01   2.445E-13   1.779E+01   1.657E-17
   1.623E+01   8.525E-01   2.445E-13   1.773E+01   1.663E-17
   1.520E+01   8.478E-01   2.445E-13   1.765E+01   1.669E-17
   1.421E+01   8.422E-01   2.445E-13   1.757E+01   1.677E-17
   1.327E+01   8.359E-01   2.445E-13   1.747E+01   1.686E-17
   1.236E+01   8.287E-01   2.445E-13   1.736E+01   1.696E-17
   1.149E+01   8.207E-01   2.445E-13   1.723E+01   1.708E-17
   1.065E+01   8.117E-01   2.445E-13   1.710E+01   1.721E-17
   9.836E+00   8.017E-01   2.445E-13   1.694E+01   1.735E-17
   9.056E+00   7.907E-01   2.445E-13   1.677E+01   1.752E-17
   8.304E+00   7.784E-01   2.445E-13   1.658E+01   1.771E-17
   7.577E+00   7.648E-01   2.445E-13   1.637E+01   1.792E-17
   6.874E+00   7.498E-01   2.445E-13   1.613E+01   1.817E-17
   6.192E+00   7.332E-01   2.445E-13   1.587E+01   1.844E-17
   5.531E+00   7.147E-01   2.445E-13   1.559E+01   1.876E-17
   4.888E+00   6.940E-01   2.445E-13   1.526E+01   1.913E-17
   4.261E+00   6.709E-01   2.445E-13   1.490E+01   1.956E-17
   3.647E+00   6.449E-01   2.445E-13   1.449E+01   2.007E-17
   3.044E+00   6.152E-01   2.445E-13   1.402E+01   2.068E-17
   2.449E+00   5.809E-01   2.445E-13   1.348E+01   2.144E-17
   1.858E+00   5.404E-01   2.445E-13   1.284E+01   2.241E-17
   1.263E+00   4.906E-01   2.445E-13   1.204E+01   2.374E-17
   6.538E-01   4.246E-01   2.445E-13   1.098E+01   2.577E-17
   0.000E+00   3.203E-01   2.445E-13   9.251E+00   2.986E-17
 
 Output spectrum present
           1
